9510123 9502114 1
9707075 9604178 1
9312155 9506142 0
9911255 302165 0
9701033 209076 0
9710020 9709228 1
9901042 9510135 1
209146 9502077 0
9705079 9702201 1
3016 9207067 0
9402099 105041 0
9705061 9503216 1
109090 9107 0
107016 9304156 0
9812004 9212092 0
9401058 9511114 0
12261 202126 0
207246 9807137 1
9501144 9311081 1
9304048 9510008 0
9607172 9811090 0
1044 109063 0
110087 9711200 1
9411028 9909017 0
9501105 9202069 1
9712216 9802184 0
5281 11003 0
9705154 105217 0
9708164 9510017 1
107114 103167 0
11109 3298 1
211247 11237 0
9601055 9404188 1
9239 9203051 1
2094 9811089 1
9806087 9308075 1
205131 204051 1
1201 9701069 0
9308124 9209023 1
105155 9806044 1
304255 9204036 0
204020 204022 0
9712225 9806213 0
207104 102135 1
9209120 9606028 0
9206040 9908114 0
9011 102198 0
207160 5204 1
302049 9706144 1
9710071 9810164 0
9503087 9409185 1
112217 9802015 1
203124 111165 1
9705192 9601029 1
9812170 9501066 0
9906228 2247 0
9811167 104153 0
9902073 9604156 1
304060 9211128 0
9038 2237 1
9412228 9405109 1
9808168 9403050 1
6216 9510083 1
9409128 204001 0
211170 9312104 1
9802121 9701088 1
9909164 9909030 1
205034 9810239 1
1016 9806087 1
8151 4056 1
204085 9706086 0
105075 9205115 1
9502159 9408096 1
9207103 9508114 0
9410030 9306069 1
10244 9037 1
9201072 8058 0
6073 9812230 1
9905128 9908125 0
9301129 9807072 0
3076 9905111 1
9511043 9803058 0
9705175 9705113 1
9805104 6233 0
9910109 9806155 1
206185 105095 1
209231 208167 1
112020 9910149 1
9511162 110120 0
9711175 9602017 1
9902022 9806095 1
202150 9902118 0
11140 9507086 0
5160 9512059 1
9605098 9212108 1
208129 9905067 0
209026 112162 1
107098 302007 0
110196 105057 0
208021 9404031 1
109122 202096 1
9711199 9701178 1
212210 9806104 1
210148 9704147 0
211277 205064 0
9906182 9611050 1
112029 105063 1
9806199 9803072 1
9708041 9702014 1
11281 9604065 1
9311158 301041 0
9712110 9509162 1
9803174 9803053 1
9811167 3169 0
208085 4141 1
112104 9502036 0
112061 10162 0
210203 9153 1
111031 111001 0
205019 109004 1
108169 105277 1
9302024 9608162 0
302146 9404008 1
210068 9711200 1
103079 103021 1
11197 9902030 1
9510218 9302103 1
105040 9505064 1
9405097 209067 0
9408044 9502050 0
9811098 9708037 1
301140 207130 1
112226 9807127 1
8004 9409089 1
105272 9301097 1
9711019 9506174 1
202091 9703228 1
4136 9608116 1
9512206 9705090 0
103149 8149 1
9605229 112149 0
206165 9903052 1
111282 9802101 0
9304059 9201037 1
209164 9903205 1
9802086 105240 0
9901099 304230 0
8196 9705057 1
9904184 9804089 1
9509106 9411102 1
9412228 204085 0
9510103 9808149 0
205007 207015 0
11269 6226 1
9006 9909103 1
9703213 9210114 0
9904132 9507074 1
111105 303079 0
9710073 9705041 1
9705225 9603127 1
8167 9705120 1
9607017 9505047 1
9401117 206150 0
9701098 9711040 0
11107 9712257 1
9912097 9711082 0
11037 107013 0
101082 12158 0
9709087 9703016 1
9018 9511047 1
203129 11289 1
205265 105095 1
9807037 9802094 1
111117 106192 1
303115 211254 1
9304072 9211057 1
201209 5183 1
2241 9602002 0
9808174 9505075 0
9211122 301004 0
9811179 9806034 1
9605152 9611122 0
9905006 9503124 1
301229 301177 0
12247 9709199 1
9212002 9210022 0
9703194 9609071 1
9202047 9412041 0
206226 9704098 1
9905037 9610043 1
9705044 9602120 1
9610037 108118 0
9602088 9712202 0
205306 102101 0
9308087 9903206 0
1048 9602168 0
9903059 9511065 1
3102 3192 0
9904114 9602022 1
9612008 9605199 1
107104 9512216 1
8037 9303123 0
9509066 9402032 1
9806195 9403141 1
206120 9307109 0
9607099 9809051 0
9401002 208158 0
105068 4133 1
203157 9809034 0
9702043 9910132 0
209092 9402123 0
9612223 9511043 1
11217 9910013 1
9507133 9162 0
9802044 9905002 0
9407194 9712126 0
9803123 9704104 1
108137 9701015 1
9801089 9910122 0
6221 6220 1
205141 9803051 1
9711068 9704195 1
9205092 9710071 0
105286 9305110 0
304002 9205089 0
9503213 9905091 0
9612203 205103 0
9305170 9910040 0
104128 3290 1
212342 9810226 0
303264 9711018 0
9304016 9610194 0
9906018 9507115 1
206211 112070 0
206029 205311 1
9906081 9802067 1
9705201 9808022 0
105153 9209044 1
9808049 9509052 1
9609139 207032 0
9806035 205091 0
9501073 9807151 0
202084 9602114 1
9206055 102077 0
9408167 9807238 0
9806151 212193 0
9908129 9510017 1
102104 4158 0
9510088 9703209 0
9904089 9804138 1
101003 9160 1
9604056 9509090 1
209103 1216 0
2175 9909215 1
209145 205048 1
9501071 9302080 1
9712086 9609070 1
9309150 9207101 0
7148 4190 1
9802033 9705074 1
205238 106248 0
9306123 112156 0
301217 301011 1
202100 5025 1
9805148 9801029 1
103235 9406157 0
9611090 9606086 1
211253 9905177 1
8249 9502141 1
9702043 9611223 1
9706110 9607207 1
9612141 302126 0
9402124 9605163 0
107098 104099 1
9906127 9809035 1
7247 9712097 0
9906207 210025 0
9705153 9803024 0
106171 9805170 1
9902079 9812240 1
9710184 204079 0
203157 9608053 1
9601007 9511157 1
9904007 9404177 0
1179 9704195 1
102114 9605082 1
9709077 209050 0
9405047 104021 0
301168 104177 1
9905033 9803168 1
109223 9709042 0
9909207 9307130 0
102063 101200 1
9508002 9505100 1
9606130 102117 0
9074 9806012 0
9604072 9407032 1
9702104 9310159 0
9512064 9910177 0
9907019 9801180 1
9901163 9807136 0
9712079 108013 0
2069 9812159 1
9901146 9812172 1
9907084 9710030 0
210300 9906022 1
2141 9810047 0
9703007 9805209 0
10059 9311158 1
9807139 9711094 1
9709020 206217 0
9810186 7035 0
9605167 9801179 0
9801047 9503124 1
9701053 9608059 1
304192 110193 1
302012 201175 0
9908174 9908076 1
4070 9703076 1
302069 9504089 0
9811137 9702155 0
208179 109184 0
103258 106042 0
205012 7044 1
204050 302197 0
7110 9711094 1
9808145 9605098 0
205153 1203 1
212199 108201 1
9512043 9504034 1
9910073 212099 0
9807062 9506110 1
9211033 302157 0
9408077 9401043 1
9504027 9708037 0
103080 9905148 1
9402146 5240 0
107108 9806051 1
109169 9602102 0
9501135 9302133 1
206071 9139 1
9712011 9502118 0
204151 12215 0
9407188 206046 0
9705166 9510101 1
9706225 9611043 1
9505018 105196 0
9307005 9404137 0
9805168 9906083 0
9910168 103082 0
8033 107068 0
9812016 9610172 1
9907216 9807164 1
210007 3097 0
202007 9301088 1
9406071 9307195 1
9906232 9610234 0
9411039 9804161 0
5102 202119 0
6051 9408099 1
4128 9307089 1
201020 9305153 0
9502078 210209 0
3208 9802085 1
9707126 9606100 0
108052 7018 1
9906048 9906027 0
9510154 9310165 1
9908043 9609019 1
9510154 9402097 1
211059 107138 1
9707148 9509080 1
9802093 106218 0
9601083 9401084 0
211052 8091 0
108229 9712062 0
101101 6180 1
9707120 9511222 1
9502049 212184 0
12105 8112 1
9808073 9602031 1
9704060 9802049 0
9512182 9502118 1
9910143 9906039 1
9709128 9510057 0
304007 212210 1
9603206 11219 0
9603099 9210031 1
9512174 9510084 1
6058 6018 1
9902108 9801031 0
9705165 201225 0
9411021 302175 0
301216 106075 0
9909179 203143 0
9503111 9811038 0
212135 9806227 0
9805044 104105 0
9605076 9701098 0
9803145 9811054 0
9503068 9607037 0
9606158 9305006 0
9606041 9503057 1
9801061 9408099 1
9908089 9605022 0
204199 9307128 0
9407157 9311141 0
304233 103094 1
9311126 9410138 0
212057 9802150 1
9409145 9604128 0
4162 9305144 0
203212 9709216 1
206226 9902113 1
5239 9711143 0
9705172 7252 0
9811048 112054 0
10122 9512077 1
210159 9302014 1
6209 5073 1
101220 9904145 1
208125 107166 1
9912266 9810201 1
109217 3055 1
204254 9909173 0
9405130 9201071 1
110271 109213 1
204055 3149 0
9612030 9511110 1
9301086 9908151 0
9906041 9812014 1
7051 3121 1
211134 7105 1
9909132 9711162 1
207023 110034 0
206096 9806039 1
9501071 9410045 1
208123 9906182 1
303208 303197 1
205124 106089 0
9911185 2145 0
9810170 9606188 0
5066 9911083 1
203266 9607197 0
10082 104251 0
9506138 112206 0
110207 111173 0
9804014 9510218 1
5191 201036 0
9405086 9303015 1
12182 9702199 0
6191 3236 1
9605173 9301039 0
9711043 104161 0
111259 9901047 1
9806096 9611072 1
9612164 9611050 1
9410051 107215 0
9908018 9612182 1
103140 9904148 0
101228 9404150 0
11205 112161 0
9501091 9209023 1
9811193 9706133 0
9808156 4157 0
207116 9904050 1
9703110 9411149 1
12222 9103 1
210094 210046 1
103132 9606061 1
102083 9707011 0
9909146 9906215 1
9204 9701172 1
9909196 9812085 1
7125 9906011 1
9801207 9801020 1
101213 206133 0
104178 101234 0
109004 112029 0
9703097 205140 0
12137 5145 1
303248 9705040 1
9311015 9809084 0
5052 9511164 1
101109 9903187 1
9507081 2231 0
112052 12235 1
101101 9809004 1
103083 9901124 0
204226 9803002 1
9701153 9410073 1
104158 9704120 0
9609126 9608173 1
102016 4071 1
210263 204153 1
9901142 9204047 1
12023 9903130 1
9605023 9512077 1
205157 9503033 0
9411087 9508041 0
9206113 9703113 0
102022 3018 1
102041 9211097 1
9609225 9606193 1
111199 10212 0
12129 9601150 1
304251 8052 0
207086 109130 1
9612191 112010 0
101036 9508135 1
9809084 7080 0
9711155 9704082 1
9405073 9210024 1
9703141 9311092 1
3116 2226 1
206110 9605201 1
9908153 9805069 1
9501140 9307066 1
205299 203035 1
9812149 9908074 0
3267 9312065 0
107037 11088 1
9121 9908077 0
9901154 9906248 0
9209112 9510093 0
9307037 9304011 1
3203 2141 1
9303127 2189 0
9707225 9503124 1
9406055 12042 0
105154 11094 1
108185 8157 0
6026 9912081 1
9311168 9711045 0
104192 9911089 1
302041 208025 1
2251 207214 0
108234 109043 0
9802041 9708008 1
9601177 9512152 1
9705176 9304098 0
107214 9605159 1
9910019 9711200 1
9307106 9905217 0
7076 107054 0
9704088 9705054 0
9805190 2019 0
6210 2075 1
2094 9602096 1
108191 9512012 1
2138 9912293 1
9701154 9611223 1
111107 12148 1
9705202 12198 0
9910228 9512226 1
9204088 7109 0
4007 11260 0
7052 6062 1
9610125 9604091 1
3118 9909205 1
303001 211254 1
9702079 9701088 1
303072 9709014 1
9704047 107109 0
9505129 9302083 1
9904162 9807123 1
9307180 9212019 1
9912185 9807040 1
9706040 9609051 1
9707155 205003 0
9704213 9204064 1
9804083 11243 0
110055 12143 1
8041 3054 1
303044 303023 0
9703100 9708027 0
9610159 210216 0
9407178 9905037 0
9202 9805156 1
11159 9909205 1
9902090 9812165 0
203261 9703219 1
302017 102148 0
9911095 9510017 1
9812253 9612071 0
9806235 9803137 1
204047 9408040 0
9803090 9803002 1
8212 3115 1
9908090 9510104 0
5048 9908105 1
108244 9404150 0
9807048 9505048 0
9606177 304209 0
9801078 9706141 1
103221 9707100 0
201206 302110 0
9804089 105035 0
207250 210111 0
302125 9810158 0
110066 9709019 1
9202017 3082 0
9503133 9810075 0
204064 9602044 0
9402005 9305107 0
107041 9608129 0
5258 9206007 1
9905111 9810206 1
5100 9411009 1
108039 304155 0
9811176 5093 0
204195 9807026 0
105279 302011 0
303150 110244 1
9704110 9807004 0
201265 9804166 1
111231 9912018 1
206216 9604129 0
9606049 9604097 1
9808143 9606176 1
9711134 5037 0
9610042 9412184 1
9407062 9211002 0
9909219 9704089 1
9906142 9901003 1
9710246 9510017 1
9904127 9211021 1
9188 9903232 0
210083 9701163 0
9901014 9606165 1
6163 9906197 1
6206 301091 0
9910065 9902007 1
9807189 104049 0
9801116 9305185 1
6048 9802150 1
9908199 9612216 1
9807050 9604103 1
9404025 9310026 1
9610096 9205092 0
9909022 11151 0
12193 11077 1
209230 9702014 1
1159 9406181 0
9706185 9911124 0
9802202 9703139 0
9504074 202157 0
9711109 9612087 1
9412115 9404060 1
9510111 9905137 0
110152 9403184 0
9802146 112255 0
204191 9911007 1
9909111 9606177 0
9707003 9612224 1
303186 302078 0
9810166 11061 0
109064 9912007 1
212069 205136 0
104017 8108 1
9712177 9609215 0
9603027 210107 0
9607011 9908028 0
9707014 204004 0
5263 9709022 0
9710231 9603127 1
10072 5073 1
9710002 9803006 0
9506106 9212030 1
9306079 9707238 0
8218 9701003 0
9912191 9802109 1
9910027 9610164 0
212254 205018 0
12087 2012 0
101147 11150 0
205098 205055 1
9612080 9608177 1
304139 204226 1
9702184 9701157 1
9611173 12086 0
107189 1199 1
206024 7044 1
111236 9612228 1
9806047 206120 0
9504155 105081 0
304176 9608071 1
302027 9503124 1
9604169 9502120 1
9903227 9802150 1
9247 9702155 1
9407095 107167 0
110028 3198 1
9607172 304091 0
303057 205098 1
105265 9908142 1
9908037 9903005 1
1170 9812135 1
204052 9809103 1
9807162 9507115 0
202051 9507033 0
201173 9605042 1
10247 3037 1
9402070 9210150 1
8151 9507146 0
9805159 111093 0
201155 112098 1
106076 4124 1
9512187 9206070 1
9808134 9804027 1
12196 206089 0
9510031 9906049 0
9704114 9510148 1
9509133 9512204 0
9705062 9811039 0
9908038 9603053 1
9407162 9702099 0
9312029 9220 0
9304163 202077 0
9404127 301105 0
9704004 103244 0
302191 3272 1
303256 9910004 1
9507027 9506112 1
9710046 9611111 1
212135 211206 1
9509007 9711114 0
9612130 9601029 1
301119 9202017 0
7197 9904062 0
9407169 107119 0
9808152 9511203 0
205085 204008 1
12141 9201056 1
9706051 9604178 1
303030 8090 1
9911002 9806039 1
9907122 9802192 0
108014 2236 1
3022 9905006 1
12117 9808023 1
1197 9912018 1
9609027 9605221 1
9808046 9708137 1
9803262 9903164 0
10288 9604182 1
9812085 9510183 1
9804060 9803060 1
9609129 203173 0
110172 4068 1
9702163 9608024 1
9603206 9610170 0
9407114 9603092 0
9609121 9803198 0
112154 9810206 1
9611041 9603173 1
207068 9607207 1
9804055 9901083 0
7018 4009 1
9907003 6221 0
9705150 9512031 1
2070 9807229 0
202008 10252 1
1129 9807215 1
107008 9801001 0
9909103 9902071 1
203084 3075 1
9810150 9707237 0
301138 9606139 1
212207 209256 1
104215 102128 1
112038 9906244 1
203260 202062 1
9411028 9202072 1
9610026 9608135 1
8103 9906137 0
9804135 201048 0
9912001 9902155 1
205310 3257 0
211289 208197 1
9506037 9504027 1
9608168 9603055 0
9912071 9710023 0
110116 108145 0
9608035 9509020 1
9705229 9405096 1
9407176 9305047 1
9703064 9211021 1
9206079 5149 0
9210120 9511175 0
9511228 9507168 1
9909061 9305185 1
109131 9712132 0
212210 107240 0
3278 9905026 0
9811080 9901023 0
9505051 9804143 0
101087 9808141 1
9702077 9604166 1
112200 9507121 1
9706039 9703101 0
9308087 303220 0
9502029 9407134 1
5027 9911016 1
303191 108205 1
9801058 9711067 1
9908024 9501066 1
9708015 9706082 1
9611110 9512181 1
9910042 9909201 1
9609211 9604157 0
9611047 9606033 1
9711198 9310063 0
9709199 112079 0
11286 211195 0
112116 304051 0
9610058 9312138 0
9802032 9801202 1
12068 105063 0
108064 4130 0
205180 9902170 1
9406034 9303072 1
9807124 9405024 1
9911005 9807213 0
9204001 9306037 0
9902032 9510097 1
9509145 9503124 1
207108 7089 1
10212 210218 0
9606110 9710246 0
105084 9503012 0
111179 9302129 0
6071 3160 1
208175 9807232 1
208216 110054 1
9701084 9806153 0
201253 9907047 1
9509130 203135 0
9504088 9510181 0
9503231 9303122 1
9605138 8228 0
9502137 304096 0
9502135 6054 0
9207047 9603109 0
9308034 107142 0
9309066 9211040 1
9607038 9602052 1
9908072 9604129 1
2068 9709194 0
205041 111057 1
201243 201027 0
9902158 9411143 0
9510182 9504145 1
9506182 9504097 1
9602114 9504090 1
107178 11125 1
9704034 9306139 0
3161 9710009 1
9710197 9208037 0
211102 11256 1
9910176 9409021 1
209232 204074 1
9510183 9504090 1
9907123 9811131 1
9707109 206008 0
9209059 9701024 0
9909174 9601055 1
9901008 9803166 1
9701084 9705222 0
209193 9903034 0
207159 9905108 1
9611190 9512138 1
9703094 9611230 1
9312002 9801090 0
9812195 9603161 1
9901161 9801061 1
9704041 9609095 1
9508087 9409038 0
9512174 201204 0
9911193 9810179 1
212122 103124 1
3152 9510209 1
211221 204175 0
112254 9605228 0
9209107 104049 0
9907186 9810201 1
9303131 9703001 0
9602072 9411091 1
9911025 9808063 0
9612215 9703088 0
112100 103247 1
9406198 9307050 1
9903142 9902067 1
111109 101029 1
9806136 9710231 1
104090 9808057 0
103037 9608070 1
9710024 9707111 0
9510178 9506106 1
111104 9811243 0
9803061 9803002 1
9801183 9701019 1
211091 104162 0
301076 9304002 0
207044 9912254 1
3232 9912072 1
6202 9602077 1
9701015 9611090 1
9611129 9512107 0
303116 203014 1
105143 6076 0
9309051 301214 0
9910036 9802109 1
210133 9709063 1
205158 212119 0
302094 9504126 0
9401096 9505076 0
9311017 3294 0
9210099 9701153 0
111065 9906125 0
210223 208105 0
206085 9404018 0
8241 9712251 1
207105 205179 1
212253 209099 1
9307043 301143 0
9245 9906010 1
9409090 209046 0
9507154 9608011 0
9707126 9604156 1
9802099 9412179 0
110132 9083 1
104251 9902052 1
9712256 201087 0
9912030 9701042 0
202005 9706158 0
211245 9911115 1
10055 9305030 0
9811196 9601029 1
9906070 9507158 1
9910146 9904016 1
9705243 9511191 1
301149 9304068 1
106255 9907006 1
10279 3024 1
9707014 9511222 1
9611099 203056 0
103108 9905186 0
9804135 9705244 1
101099 9802109 1
9408178 9211063 1
4148 9909121 1
11281 9912079 1
9207030 9702019 0
9207066 202005 0
108215 9910219 1
207005 3074 1
9403062 9910173 0
209170 9505151 0
9806146 9712156 1
110026 9904119 1
101059 111033 0
109126 106162 1
112230 9302072 0
9910006 9310159 0
9601015 302046 0
111099 105277 1
108101 9411149 1
9702136 9702101 1
9311180 9204050 1
9604061 2180 0
110064 107067 1
9702153 9511064 1
9906201 9901056 1
9404059 9610029 0
107094 4150 0
209213 9307160 0
9404123 9503041 0
9805124 9412018 1
9810131 9904124 0
9804061 9507008 1
3275 9606020 0
101039 3114 1
9508167 9601003 0
9909054 110291 0
9405138 9412057 0
9709086 3007 0
9607155 9512187 1
205219 9604116 0
9604171 9306052 1
9061 9904207 1
9902170 9802109 1
9712004 9610234 1
9402073 9212099 1
9802067 9705199 1
9712216 9807140 0
205216 8001 1
104147 9609017 1
9312181 9212052 1
105042 9609180 0
12062 9812123 1
12062 9808093 1
110092 301036 0
9712212 9604181 1
9611005 9704138 0
209219 9707079 1
9907190 9704194 1
9706045 303005 0
207053 212223 0
9912210 9806074 1
9604056 9510231 1
9702033 8218 0
304169 202047 0
9712022 9707223 1
9501113 9307039 1
201113 9509171 1
9503068 9312139 0
9710162 9304057 1
9905065 9912254 0
9808188 9711012 0
212046 7169 1
9807236 9902095 0
9705104 9303131 0
9901111 9404013 0
9705131 9204060 1
107232 10017 0
209169 9704190 1
211137 8123 0
9907198 8188 0
205255 10215 1
9801055 9610193 1
9609089 9504116 1
204084 204008 1
101126 9712179 1
4157 9804094 0
4184 9709109 1
9601013 9403143 1
9802133 9606139 1
9401153 9607226 0
209081 207061 1
10001 9810116 1
104041 9807232 1
9912098 5229 0
9512015 9209063 0
9902101 9901004 1
9812240 204005 0
107153 9802012 1
9808039 212142 0
9405115 9510008 0
207163 202195 1
205165 204225 1
110173 9705057 1
9305114 3237 0
9212023 9409153 0
111036 9607227 1
9508120 9305030 0
9110 9607083 0
9303052 9902166 0
9912176 106111 0
9707024 9512057 0
209207 203160 1
9611093 9308066 1
9806225 9208070 1
212160 9606067 1
207151 9408008 0
111086 9705030 1
9805132 9610140 1
9508147 9302090 1
9810016 209252 0
9703185 3051 0
201107 9910053 1
205051 9909186 1
5119 101102 0
9507113 9402002 1
8148 201234 0
206122 101178 1
102172 9610172 1
107134 103108 1
9901050 9704012 0
303266 110087 1
9910110 9409125 0
9510209 9511214 0
9903128 9809057 1
9710221 9408091 1
9707243 9612136 0
9904157 9504071 0
208082 9906064 1
9506058 9311015 1
204147 110242 1
9607137 6122 0
9907058 9910184 0
301126 9609070 1
106235 9611050 1
9306139 9812040 0
9808076 9411228 0
9506043 9909053 0
204254 9406093 0
109089 9803258 1
105187 208044 0
9607237 301141 0
9807235 9707012 1
9904050 9609154 0
9503131 9307186 1
10105 9911161 1
9807038 9803155 1
2128 9806010 1
9812177 104042 0
9511080 203230 0
5135 9503152 0
9503071 9237 0
7168 9308102 0
9510109 9206020 1
102085 9105 1
2187 9804170 1
9301105 9608076 0
7228 9307137 0
9602034 205143 0
9610081 10229 0
105232 9609192 0
9201049 303262 0
102132 9902105 1
6169 9704166 0
9802086 9705016 0
9306145 9508118 0
206122 9903093 0
9906246 9809122 1
9912021 9606172 1
207125 9905111 1
109155 9608154 1
9605050 9207002 1
9412199 4138 0
9708110 9611117 0
103106 9905111 1
9904144 9906233 0
9810219 110074 0
211084 9405119 0
9911063 9908139 0
9809172 9706100 1
9704050 9508030 1
9707076 9205090 0
212218 9704151 1
3291 9602001 0
9904131 9803015 1
210275 9307168 1
107032 1056 1
201182 11173 1
103199 8090 1
9511059 9306023 1
9811167 9609126 1
106187 9148 1
9609041 9604034 1
109148 9808129 1
9704110 9605016 1
205067 204234 1
204122 9911055 1
212320 9506096 0
112048 9802032 1
9709154 9806236 0
201253 5151 1
9309119 9304015 1
9410044 9404028 1
9908180 9606013 1
9810023 9708147 1
9602050 9302085 0
9409124 9402114 1
9702110 9310049 0
9612071 9511049 1
9705110 9511043 1
9905012 9809124 1
9703133 9302047 0
9709102 9506062 0
4022 9310074 0
6049 9712175 0
9709107 9801139 0
9703041 9711060 0
301091 4147 1
301041 9210036 0
9811083 9809165 1
9707250 9603126 1
9911027 9512143 0
101032 9508013 1
9902097 9504083 1
209202 9909032 0
110108 9806087 1
111005 108019 1
9706047 9702180 1
9612093 111124 0
9908171 9711200 1
9903146 9411179 1
9906082 202087 0
9305095 9602093 0
206063 2110 1
9905165 9911158 0
211151 9905051 1
9312181 9603136 0
3052 9909043 1
9302022 9406182 0
9802071 9807221 1
304236 202111 1
9705003 9503179 1
111285 9028 1
9507150 9506044 1
9908036 9603097 1
205089 112044 1
201225 9604111 0
9601171 9401139 1
208087 9907211 0
9805098 9309062 0
9807084 9906146 0
5268 9902059 1
9808055 209039 0
202140 8190 1
9809110 9611053 0
2043 9312003 1
9808101 204071 0
9607048 9503209 1
209050 10135 0
11251 3219 1
107152 3242 1
1093 9812093 1
9906057 9812117 1
9804006 9803001 1
9404003 9102 0
301228 9710205 0
207017 9808055 1
9510217 9606158 0
9116 209095 0
9705228 9308007 1
9704067 9603051 1
211091 203160 1
9503226 9303016 1
9711038 9706169 1
206086 9804071 0
8119 6062 1
110115 301223 0
207244 103155 1
9812112 9612103 1
9710213 9308030 0
9905128 9310147 0
101211 9908141 1
208159 110060 1
205322 9301075 1
9803190 9612250 0
9504064 206023 0
9911081 9904207 1
109125 9903205 1
110052 9707030 1
9305067 8039 0
11119 9906064 1
104025 9201056 0
105281 9056 0
8226 9712215 1
9706115 9407031 1
9702035 9605018 1
4062 9609049 0
9610096 3253 0
204099 6156 0
209145 207124 1
103018 9707042 0
9901056 12074 0
205131 9711200 1
9805098 2025 0
9210121 9612156 0
9812062 9404035 1
9710097 9312127 1
9612154 9411019 0
105209 9509134 0
9712038 9709083 0
211089 202111 1
110092 9311177 1
8221 9708147 1
9609216 9801012 0
206048 9505045 0
9604093 9303076 0
9805082 9704005 1
101234 9905210 1
111209 9210127 1
202207 9910058 1
9609003 9605106 1
9605233 210194 0
9803053 9802109 1
9312059 9209118 1
9911088 9805156 1
1065 9807137 1
101073 9908093 1
111061 6112 1
9511124 9412228 1
210254 106270 0
8160 6063 0
9708034 9510127 0
8190 9912118 1
101007 2228 1
9606144 9402111 1
9710228 9701192 0
9902031 207245 0
11114 9207102 0
6017 3273 1
9911037 9506102 1
207250 9909063 0
9806217 9207086 0
2147 9903204 0
9901004 9802150 1
301231 101155 0
302177 207044 1
9603061 9410104 1
9912035 9601097 1
9907016 104239 0
9905074 3280 0
4203 9212134 0
9904003 9310025 1
9703082 9609059 1
9603156 9404114 0
8057 9912167 1
206011 9411197 0
9604070 6168 0
203019 9602022 1
9184 9805082 1
101164 9808017 1
9312073 9206029 1
9207081 302147 0
107119 9805112 1
9311155 9301124 0
2045 9904096 1
9607082 9511030 1
101033 9601044 0
9304106 9210062 0
9807235 9711165 1
9507027 9503124 1
5117 9603116 1
9402026 9210128 1
302227 9906166 1
108046 9706090 1
9210080 107162 0
9812074 9712017 1
304143 9708055 1
110005 106048 1
9910138 9807040 0
9810144 9208055 0
9901117 9703059 1
9712177 9604040 0
9612222 9612087 1
9901137 9704145 1
9706093 9305156 0
1217 9812061 1
109147 9803066 1
9505093 9204019 1
9606133 9507115 1
9801048 9602043 1
9309118 7168 0
9808062 9803034 1
9909044 9712080 1
9905013 108070 0
302209 9405192 0
9904151 9703059 1
109013 9701023 1
9607133 304193 0
9508050 212223 0
212211 9505130 0
206104 112160 1
205186 9603018 0
9410091 210224 0
104260 101084 1
212082 9408099 1
210307 205022 1
9703170 9403036 1
206091 9404114 1
8164 9602022 1
9611156 9809209 0
212135 202109 1
112226 8140 1
9703041 9702202 1
9806236 9804172 1
203147 9911245 0
3278 9406125 1
302181 5212 1
9210001 112053 0
9409187 209247 0
9809178 107102 0
9908165 9806155 1
204079 9902210 1
9404059 209183 0
109043 9610054 1
9709214 9704161 1
9412009 9910043 0
9604041 9601062 0
9812216 9811002 1
205302 203134 1
9403125 9502064 0
12238 9905118 0
105048 7209 1
212113 204168 1
109204 2143 1
9302057 9907182 0
9611076 9710067 0
1051 9504024 0
110222 9812154 0
211181 4155 1
9907019 9501068 1
9803116 202056 0
207116 103133 1
9711196 9608117 1
9505096 9707203 0
9907159 9906182 0
9802051 9611164 1
201148 9802015 1
210041 207039 1
9810090 9211061 0
212088 9606132 0
9505058 9807095 0
9911175 9505090 0
9902164 9604061 1
9707164 9609176 1
103032 9804056 1
111081 9201029 0
9809182 9807171 1
101099 11182 1
106060 205268 0
9609087 9308023 1
304270 201149 1
9707078 9511059 1
106047 2067 1
204245 112090 1
5115 9703196 1
9610046 9602065 1
204160 9802109 1
9806242 9908019 0
302112 210085 1
9603156 9602052 1
9811225 103004 0
9709096 9707192 1
107250 8089 1
9306023 9908115 0
9702126 9303093 1
112182 9910188 1
9611172 9306096 1
9912064 9911013 1
9903175 9607009 0
202127 202028 1
201009 10184 0
9902021 5248 0
11185 1143 1
9904032 106263 0
106267 9604178 1
9907012 9710188 1
206212 9903061 0
205214 110191 1
105178 9902163 0
9708155 9803162 0
9305108 9804157 0
9307166 9206041 1
105075 9608086 1
9709178 9305014 0
111210 9912161 1
9702107 9605229 1
106128 12248 1
9902126 9806230 1
9804151 9804009 1
2014 9804142 1
202082 9902150 0
205232 9203034 0
9207116 9401012 0
9511194 9505086 0
9505172 9410138 1
9504056 9206038 0
109108 9706080 0
9511131 9506207 1
303239 3005 0
10219 9811030 0
9806056 9707192 1
201049 9603202 0
8112 9901041 1
206246 9403171 0
9704034 9704023 1
9603094 210257 0
112196 9304103 0
212293 9912278 0
106171 9403123 1
109034 10152 1
204140 9909057 0
9910082 9609026 1
9809003 10200 0
206193 9510209 1
2144 9404141 0
105090 9911181 0
9310192 205122 0
9708113 106255 0
9911253 7242 0
204108 9603015 0
9176 302195 0
205083 110134 0
303232 109174 0
105023 101229 1
9710126 10036 0
9704098 9510229 1
205023 9808042 1
202153 9808075 1
105075 9606017 1
9912060 9708037 0
205124 101187 0
9912066 9808049 1
3291 9510143 0
9602029 9307051 1
3289 9708005 1
207220 9908105 1
6091 1167 1
107242 106146 1
9409090 4109 0
7035 9910055 1
102112 10060 1
206239 9612115 1
9405104 9504057 0
212083 9606053 0
6145 3037 1
9802061 9310188 1
9807084 9906224 0
9502145 201060 0
111082 106160 1
9607229 9806002 0
9206070 9711070 0
11009 9705241 1
9509094 9907098 0
9907113 9807115 1
303235 201253 0
212015 9912160 1
112235 112138 1
101085 6033 1
9603004 9509106 1
9506025 9406014 0
212294 9401134 0
9810212 9705007 1
9707160 9508068 1
9043 9312008 0
212057 204058 1
3169 9611230 1
111199 108075 1
112034 9609152 0
9201037 9901037 0
210275 207156 0
210199 204164 1
9609038 209094 0
3227 9603167 1
9512089 9202014 1
9410230 9209125 1
9608002 106043 0
111209 9909116 1
9502024 107111 0
9707056 9604062 1
210163 108007 1
9709143 9408065 1
9910080 9606189 0
111077 9908142 1
211068 109113 0
9701178 109201 0
9601085 9508091 0
208165 204189 1
107019 207148 0
4060 9905053 0
206118 9611041 1
11269 9802195 0
9211102 9404076 0
110109 9710240 0
202167 9207064 0
9903196 9607111 0
304191 303055 1
11086 9901041 1
103196 9912092 0
9612121 9512062 1
304018 105038 1
9709124 9612107 0
105311 9912047 1
9911177 9508101 0
105313 304222 0
6225 9903054 0
9701083 301170 0
203199 9604153 0
9711090 9301042 1
9211110 9202046 1
9909001 9604180 0
11055 2162 0
9909141 202077 0
206243 204125 0
9603129 9411048 1
304025 210102 1
9909068 9808124 1
9807200 9803051 1
10279 9603097 1
9811227 9803233 1
102085 3031 1
204242 9209090 0
208044 9906176 0
9508058 9402002 1
207255 9404035 1
9611196 10074 0
9704061 9701015 1
107129 9803210 0
11182 104151 0
9905012 9711010 0
9805181 9803084 1
9502118 9412035 0
4002 9909139 1
210188 3136 0
9307018 209163 0
9611041 9302083 1
206048 9705090 0
9206091 301183 0
9608034 9602052 1
304238 4111 1
207076 9906194 1
3145 9904104 1
9710176 9607181 0
9511108 9504090 1
9311015 9307111 1
105274 103015 1
212277 9712256 1
2102 9612052 1
9803096 9607077 1
9710189 9705058 1
103055 9506136 1
302057 9711200 1
9712202 9709091 1
9704086 9702101 1
301009 211011 1
9705199 9611230 1
9608183 9904006 0
204123 108203 1
206207 303238 0
9301088 9706118 0
210207 9205088 1
9801204 9709023 1
9705142 9612133 1
9910246 5178 0
9212048 9412078 0
9902109 9078 0
209252 7222 1
302165 9906011 1
9812109 9312087 0
303228 4003 0
102167 9503157 1
107124 103101 1
9207062 205253 0
9411214 102155 0
9805017 9510161 1
9611218 9702176 0
9405158 9809146 0
206175 9204099 1
106028 5065 0
210219 5067 1
8128 9602070 1
101023 11031 1
8197 9806158 0
109182 105227 1
9808184 9712239 1
9707061 9608177 1
107131 106171 1
9708005 9510017 1
105281 107038 0
9510018 102194 0
304043 212341 0
303146 9603176 1
9504045 212223 0
9607032 9606093 1
106031 209199 0
7022 9906064 1
9708033 9708068 0
9803170 9411187 0
211055 9806084 0
207279 107039 1
9807239 9511003 0
7082 2160 1
9809084 9911192 0
211205 9906137 0
1019 9605226 0
9808002 9803227 1
206036 9207050 0
9601118 9810231 0
204113 112224 1
9405159 9304061 1
9812135 9309124 1
9805134 9706082 1
103144 9805216 1
9606149 109031 0
9911059 9806063 0
101034 9309137 1
209081 9704098 1
9904071 102120 0
9610170 9601029 1
108158 7131 1
12165 9909001 1
9804201 9607125 0
9612226 201052 0
9511186 9310170 1
6004 9804124 1
211105 9908142 1
9206003 301162 0
201044 9204042 0
9607121 9511058 1
304169 301080 1
9607234 9210010 1
9310133 203119 0
203035 110143 1
9704078 9805084 0
9502070 207241 0
2154 9906155 1
301255 10047 0
9805073 9710121 1
9912032 304063 0
9909007 9612121 1
105007 204089 0
9806029 9508142 1
5001 9910132 1
211197 9504124 0
9606043 9511180 1
205281 9801104 0
11063 9904077 0
205322 106287 1
9712107 2157 0
9605087 9602010 1
211021 9610023 1
202084 101049 1
9910232 206120 0
9604118 9503211 0
9703012 4047 0
304258 3286 0
103046 6147 1
9411139 207284 0
9608194 4134 0
4052 303248 0
9903026 9803002 1
9612128 9604090 1
110271 208078 0
9812037 204023 0
207110 110174 0
7015 9905009 0
9707081 106089 0
7127 9611072 0
9701010 9701069 0
210164 9812120 0
107050 9407090 0
207096 9907026 1
9405200 9405030 1
9612162 9610236 1
9907109 207081 0
2160 9901109 1
9812247 9910102 1
9905111 9806095 1
9510011 9707234 0
6141 9602073 1
112158 112125 1
111222 9311130 1
9410064 9412204 0
2057 9810206 1
304245 9903135 1
203187 5067 1
9801149 9606144 1
9511213 9208055 1
303223 208179 1
9604057 9308034 0
9812193 9901099 0
1132 9701060 0
9708099 9601029 1
111130 108132 0
9605195 9710031 0
9903100 9812158 0
9709095 9610055 0
9807184 9803219 1
9907067 9701092 0
303200 9212037 0
9601067 9509009 1
205103 9706194 0
211048 210221 0
9902078 103236 0
101074 106187 0
9812097 9712145 1
9711153 9404172 1
5003 9805097 1
4105 9311129 0
9909070 9810206 1
210240 9608133 0
2102 2012 1
9710118 9202052 0
9507127 9411099 1
301125 9205068 1
9801060 9705106 1
12116 9501123 0
9701067 9601023 0
9810188 9306117 0
104190 210184 0
5019 9306062 0
9602160 9507106 0
211038 6145 1
10140 9309091 0
9903092 9603042 1
9502013 9402002 1
9707051 211022 0
2249 9906220 1
9802075 9707199 1
2030 9612080 1
107222 9903113 1
9301001 207117 0
9509108 9505045 1
110031 106151 1
9711143 9701149 1
9607141 9601143 1
303087 212096 1
9904200 9503157 1
9911207 9709086 0
201101 102050 0
9809173 9807109 1
109210 9711024 0
9112 6189 1
9308156 9811042 0
9809034 9711128 1
9902180 9511171 0
9810003 9301104 0
9702163 9611111 1
9708123 9705132 1
9911252 1184 0
9806095 9703040 1
1082 211030 0
9302006 9912094 0
9606118 9509141 1
9211008 9912051 0
9702194 9509105 1
9308158 9412166 0
9905034 9611203 1
9708015 9611230 1
205188 4166 1
210300 4169 0
9411062 9408091 1
9905025 105014 0
9906125 5079 0
212041 209146 0
110263 105158 1
9606196 9606176 1
101136 302107 0
9204089 9612079 0
105246 101219 1
9909061 9708153 1
9304087 301001 0
101017 9506006 0
210070 9607048 1
303034 112223 1
9906070 9503086 1
10215 9811141 1
302063 211113 1
9809021 9806213 0
9808149 9707079 1
9702019 9810199 0
9408079 103174 0
9505138 9309142 1
7247 9902105 1
9402002 9205081 1
102156 9403067 0
212085 9609122 0
7170 9512181 1
108013 9303109 0
9302143 9030 0
7096 9910033 0
107155 9703125 0
304251 212280 0
9305130 105087 0
9801132 9410167 1
7005 6066 0
106178 9910052 1
9807035 9401153 1
9805097 9310194 1
9209047 9405008 0
9806199 9709012 1
3109 9910132 1
9501071 9803065 0
9912244 9802150 1
9506067 9802039 0
9907145 9705211 1
9912101 9408074 1
9056 4126 1
9203012 9703070 0
9304010 9910008 0
9805039 9602042 1
101176 5027 0
8215 9703001 0
9601150 9410112 1
9705201 9807082 0
2026 9209062 1
9902200 9807071 1
9807087 9510182 1
9903124 9808126 1
9801057 9905058 0
12270 9603009 1
206195 203082 1
9605174 9601029 1
9502056 6146 0
9505078 2102 0
110151 9607201 1
204139 9403020 1
11150 9906001 0
11251 3067 1
5015 9611214 1
9412220 9304157 1
9406022 9704027 0
8096 9410111 0
3038 9910215 0
302217 9601102 0
103212 9302079 0
9511187 9409021 1
108194 106261 1
9211087 301129 0
9708090 9706100 1
9908010 9906040 1
102202 9802025 0
9802138 9310054 0
9201027 9605077 0
109139 9911188 1
211148 11095 1
9907100 9602166 0
9807216 9703137 0
9608149 9511129 1
9608105 9401014 0
6215 9912002 1
9406173 9206042 0
9412176 9401007 1
304111 106266 0
9806143 9601038 1
9807195 7200 0
9704016 9701018 1
9311130 9802056 0
111235 5045 0
9911222 9303160 1
9404189 9707229 0
9910094 9908137 1
207104 9803235 1
9906152 9602070 1
9307039 9206026 1
206244 206034 1
9410231 5164 0
9503053 9610026 0
10099 104016 0
9306129 3026 0
303207 205297 1
9503069 10061 0
302191 9712230 1
203212 9506011 0
9712018 9505062 1
103080 9903057 1
9812017 9803131 1
5133 9501048 1
9510010 9411218 0
9704112 9709102 0
110111 9211097 1
302172 204261 1
9806227 9807063 0
3069 9708123 1
201241 105111 1
9507064 12246 0
7169 9502127 0
208019 205121 1
206020 10137 1
9803215 9603087 1
9212055 9207029 1
9810127 12105 0
303010 2135 0
9705050 9704013 1
201004 9401123 0
205308 9506187 0
104048 9702130 0
9707222 101013 0
106211 9512040 1
9701007 9912279 0
110089 106109 1
9612240 9609041 1
207040 9305052 1
9611176 9510234 1
212218 8154 1
111187 9908064 1
9301063 9612010 0
9610183 9611124 0
9809104 9707109 1
9406156 9708114 0
106249 9509140 1
9705166 9607202 1
9707203 9603003 1
9607232 9403005 0
9606169 208020 1
5129 2075 1
9512110 9507052 1
9602028 9903268 0
9405048 9610111 0
9912145 112136 0
108016 102105 1
303011 102042 1
9606099 9306025 0
9705104 9705030 1
112188 9310166 0
9803124 9701025 1
303214 9209032 1
107172 9711165 1
9510127 9906051 0
9810247 9906244 0
212212 212069 1
9709219 303146 0
9712007 9909194 0
105250 303044 0
207235 9904207 1
5135 8040 0
9510047 9408135 1
205083 9811195 1
9509044 9210010 1
7170 9510169 1
203235 112253 1
9804206 9407190 1
110019 9908142 1
103051 9601078 0
205062 9802039 1
9912035 9905138 1
9604023 9902207 0
9803056 9612117 1
9905209 9810243 1
9805007 9712072 1
9212055 9807120 0
9209117 7140 0
9611110 9203071 1
211269 210083 1
9801070 9701025 1
9603014 9612197 1
9512089 9511227 1
108016 9908060 1
207214 202187 1
10127 210185 0
212113 2004 0
9509122 9905039 0
9701127 9607227 1
9410014 9303172 1
201181 9911249 1
9512211 9407167 1
9607177 203108 0
9909022 207124 0
9909125 9806238 1
101106 9212099 0
101027 6068 1
9703075 112113 0
9804018 9603127 1
9608017 9602049 1
9910200 9312114 1
3200 9803166 1
302064 204146 1
9306029 9810178 0
9903066 9708145 1
9707250 9605199 1
202154 9301103 1
5278 9909181 0
9408071 9703018 0
9511010 9212128 0
9603183 9410050 0
12033 9506055 0
204029 9803108 0
9902011 9201032 1
202153 9806087 1
9511017 9701120 0
110248 9811010 0
101037 9308013 0
108172 9904010 1
9906031 9611201 1
9902136 9610031 0
106054 9912018 1
9709151 9701160 0
6103 9910016 1
9811098 9406210 0
9705151 9805143 0
303202 105202 0
9810171 9406208 1
101226 11079 1
9902059 9409096 0
10159 211262 0
9503038 9209125 1
303013 9611205 0
109114 9803235 1
9610226 9404162 1
211134 9810119 1
9509058 211009 0
9612118 9705172 0
1114 9701052 0
9510143 106176 0
303072 9910052 1
6227 9605105 0
9610053 9504090 1
302203 1035 1
9612220 9907076 0
9707058 9410021 0
9510062 9503128 1
9301033 9606019 0
9402066 204219 0
106161 9905112 1
201178 101219 1
9906155 9802109 1
9307066 5029 0
209039 102061 1
205056 9612121 1
212308 205142 1
9610082 9510017 1
9801087 9512081 1
9403156 2205 0
9401162 9508043 0
201254 201173 1
206016 202160 0
9707093 205083 0
2043 9705003 0
9408007 303059 0
9906226 9903228 1
9703118 9512062 1
211233 208155 1
105242 11125 1
112120 9410019 0
9912249 9412106 1
102161 9904164 0
210249 7154 1
9501008 101017 0
9705075 9310129 0
9704012 9703154 0
202183 108137 0
2184 9710244 1
9604164 5077 0
9606169 9603161 1
9903003 9807137 1
9609212 9512059 1
9405131 9311029 1
10084 9803175 1
9910236 9512077 1
4074 302224 0
3047 9510103 0
9503161 9211109 1
2233 9612017 1
202183 107180 0
9904072 9908038 0
9306129 303161 0
9911068 9705175 1
9811234 9310024 0
203184 9607202 1
9911206 9611173 1
9808128 304226 0
9602105 9501127 1
9904019 9804011 1
9506033 7008 0
9901111 109121 0
9907143 9902155 1
9410122 9712231 0
112197 111263 0
210305 110267 1
211233 210070 0
9810120 9411159 0
104192 9809051 0
9503234 9607051 0
9707017 9610053 1
9909217 3231 0
210258 112165 1
3202 9912128 0
202200 9912047 1
108237 8202 0
9502098 9303170 1
209241 9505175 1
9611123 9407087 1
9904002 9603111 1
7058 9902153 1
9205077 1111 0
103077 204144 0
110140 105190 1
9806051 9706171 1
9709138 9503124 1
9803127 9711097 1
9906161 9610043 1
202084 9806022 1
4078 9409089 1
9609201 9812041 0
204091 9703171 0
8235 9609148 0
9711164 212346 0
101109 9705021 0
111284 9510173 1
9605129 9501142 1
9503061 9206039 1
209182 209247 0
5254 111062 0
9903247 103185 0
9806144 9504102 1
9408137 203122 0
9910055 9808002 0
9812016 9910262 0
108113 6062 1
9912066 9611065 1
9905156 9507158 1
9406102 9301042 1
9903078 9901018 1
212282 9501066 0
104230 101014 1
9702017 9309090 0
9901148 9404057 0
9904075 9804138 0
9802002 9402041 0
12061 10038 1
9507166 10030 0
106002 104099 1
203191 12052 1
205315 111072 1
207142 7170 1
9407039 9205089 1
1021 9406206 1
9410014 12149 0
9704101 9610148 1
9408018 205062 0
9805018 210208 0
9708014 204226 0
9709159 9702165 1
110102 201078 0
9209027 5018 0
9609053 9603109 1
202106 7031 0
11288 11190 1
12027 5060 1
9404104 202027 0
201186 9907180 1
109026 9904151 0
9501107 9207083 0
104092 9411155 0
110084 9702163 1
303185 9808191 1
9208019 9406007 0
9509052 9503182 1
206111 9911075 0
203211 101014 1
211022 9201069 0
9510064 9307083 0
106053 9201059 0
9902105 9805170 1
210136 9407102 0
9706082 9505100 1
103135 9902096 0
110298 104049 1
9408137 9612037 0
9805139 9803249 1
108152 9804085 1
9703089 9408109 0
9910121 9610084 1
11117 302142 0
9712186 9703166 1
9910185 9409158 0
9908090 9409100 0
9812093 9703076 1
9905133 9811053 0
1117 9304063 0
9911080 9808069 1
107205 9601058 0
9607009 9805078 0
9308096 9902174 0
202045 105024 1
301217 103067 1
9809061 9301052 1
9901148 9812013 1
110135 9805051 0
9705130 9312203 0
104002 9607099 1
211059 107036 1
2090 9711165 1
9811255 9808003 1
9907211 9710009 1
9601077 9512203 1
9404008 9503210 0
9706045 104077 0
9911021 9802103 1
206218 9909196 0
9904013 9301084 0
9705094 9510028 1
110038 103073 0
101052 9906125 1
9505052 9206016 1
301226 9906070 1
8051 9801019 1
9603141 6224 0
201216 12135 0
9702046 9505183 1
9910099 9908070 1
9902195 9810227 1
9712029 9411149 1
9711093 9601029 1
9511048 9504006 1
9309141 209223 0
211118 9512132 0
9811192 9810186 1
2118 9907157 1
9405029 9309148 0
204114 205312 0
107242 1133 0
9710143 9606128 0
9042 9601152 0
9910055 9905050 1
6170 9802064 1
9706082 9411057 1
111044 8112 0
9303002 9603189 0
9511177 9503024 0
112257 9707031 0
9607146 9510192 0
9502005 1025 0
9806008 9712028 1
303146 9910066 0
9604170 9502111 1
9706083 9802051 0
106250 212202 0
9611069 9408115 0
9806002 207046 0
102080 7011 1
205073 9804176 1
9304083 11175 0
110298 8050 1
9401148 109155 0
204068 9212088 1
9708066 109218 0
9412067 5189 0
9410167 9207060 1
9611040 9606102 1
107055 9908142 1
201185 9811035 1
9710020 9505105 1
7213 2151 0
9705131 9606049 1
9610012 9910160 0
9810088 11275 0
12110 9906064 1
211008 6090 1
212229 9907182 1
9605146 9212153 0
9903209 9903196 1
109122 201128 1
6190 9704018 1
112070 9710028 1
9905209 9905111 1
9507132 9806148 0
112085 9803215 0
9703209 9610236 1
202129 106005 1
9807226 9612089 0
9711115 9506081 1
203147 9308124 1
9507009 9201074 1
9410209 9312209 1
105216 9907043 0
9170 9812148 0
206125 9909099 1
9807127 9309039 1
204184 111027 0
9710227 2143 0
6103 9905085 1
212305 9512055 0
201114 109152 1
9601002 304106 0
105265 104016 0
210231 9207064 1
6024 9510017 1
9812143 9703218 1
9910226 9701034 1
9712202 104197 0
104226 9508140 0
7052 5048 1
302201 201036 0
207262 9902125 0
9805051 9607109 1
9908199 9804104 1
9703217 9604042 1
1110 9807056 0
101064 9802199 1
5028 9804096 1
301008 9704077 0
209157 9812193 1
301199 8139 0
301184 11111 0
9901060 9709014 1
9806238 9611063 1
9801076 9610155 1
206193 9212110 0
9812249 9608111 1
4148 9810206 1
9203004 9610206 0
9704099 9712215 0
9809003 106021 0
211245 9604078 1
7056 9505054 1
9606085 9905158 0
111192 9912092 1
205175 8189 0
5279 210108 0
105016 9901045 1
9906130 9805156 0
9608177 210029 0
9802088 9801110 1
9902089 9208002 1
209065 9912094 1
9303150 302187 0
11030 212272 0
210217 9808079 1
10029 9605138 0
5151 9810227 1
9305115 111070 0
106082 9212035 0
9703016 9612223 1
9909061 9410073 1
303057 9901159 1
9806096 9703078 1
9906232 9803103 1
9908098 212131 0
9708065 9706096 1
108244 9907101 0
9605222 9406090 1
301240 4134 1
9307064 108153 0
9908147 9608019 1
9602064 9504081 1
9311012 9210121 1
11269 9807011 1
9403190 9405119 0
9704009 9211073 0
9406090 302177 0
9911035 9901134 0
101192 206244 0
102024 9702190 1
108116 9207094 1
9603094 9602052 1
9602148 11197 0
10239 108054 0
9701133 9803058 0
3198 9610151 1
9912293 9711162 1
11088 9705057 1
9506065 9406198 1
201010 9402150 0
110119 2212 1
9912133 9511126 1
207175 112044 1
9511117 9402063 0
111052 1183 1
303092 9811053 1
9902202 9510173 1
201179 9905127 1
9609084 9206021 0
9810033 9701001 0
110107 105023 1
9812229 9406093 0
9901123 9703198 1
6223 9711075 0
9407064 9309050 1
9008 9505161 0
9212104 9408165 0
9702086 9804055 0
7110 9508094 1
9708128 9205112 0
302104 9811213 0
9708046 9211021 1
9805086 9710123 1
109106 9205086 1
12137 3124 1
9912130 203031 0
9505170 9602160 0
112014 103248 0
103032 9048 1
9208021 9610188 0
4077 9408038 0
9503038 301012 0
201014 9809065 0
9505145 9205081 1
110183 9906192 1
202123 104247 1
9803140 9706109 1
9807087 9701163 1
103223 9512077 1
9606161 9810055 0
9912214 9811092 0
9510148 9505004 1
9706102 9810132 0
9903088 9712177 1
9701118 201227 0
12022 9806154 0
110191 107078 1
9802182 9711162 1
205024 201007 1
303219 9811190 0
9803217 9604199 1
9804020 9712135 1
9702187 9610028 0
9911112 9802012 1
9210129 102016 0
104093 9403130 0
9709081 9705003 1
110002 9210065 1
111254 7051 0
9501005 9301039 1
9906194 9812035 1
303054 9503168 0
206062 202179 1
9510195 9301122 1
9411201 9806007 0
4125 9703201 0
210313 103149 0
9211030 9209058 1
11125 9911206 1
9705104 112095 0
9709219 9512219 1
9912141 9705046 0
212258 112095 0
207059 9806235 0
203163 202124 1
9604024 9306002 1
9310088 9601147 0
9512119 9607155 0
9412121 202023 0
201180 9212019 0
9411136 9307040 0
205311 4057 0
9703026 9604044 1
9806021 9803023 1
9708168 9506098 1
112020 8106 0
301164 9512009 0
9710158 9701077 1
102033 104057 0
9704065 9201080 1
9803078 9509128 0
111255 9909020 0
103178 9401127 0
9610057 9603128 0
107099 8047 0
9505145 9411198 1
102207 9808191 0
6201 9510169 1
9703109 107172 0
212242 206175 1
9812165 9807008 1
104082 9912177 1
104261 9405029 1
102114 9706223 0
9803223 109214 0
9512129 9411048 1
111179 8173 1
204033 110039 1
9808131 9511108 1
9706143 9206087 1
9809062 9403104 1
304037 9808024 0
105112 9903037 0
109079 6119 1
9901057 9812222 0
108097 9207074 0
9303005 304046 0
205186 9903031 1
9910190 9402044 0
208177 206060 0
104193 7221 0
9902200 212260 0
9609228 9511110 1
9207114 210148 0
303152 5027 0
108045 9203022 0
9510183 9509162 1
9706110 9610099 1
9712204 9711084 1
206102 205098 1
205024 9301030 0
9806153 9612103 1
7170 9606165 1
9604009 9202072 1
212037 9906168 1
104184 9510047 0
207245 9802076 1
201197 111069 1
9911190 9908064 1
9802132 9305114 0
304003 9902161 0
2125 9203018 1
9406145 3087 0
9811189 9807009 1
9303163 202017 0
9811229 9506010 1
105313 9209027 0
9301019 9503014 0
9508057 9910266 0
106010 9811237 1
110002 9803194 1
201229 9201026 0
8167 9912271 1
107191 9611051 1
303155 101233 1
9709109 9707185 1
9905197 9204064 1
9803173 9403111 1
9705051 7241 0
9912012 9412184 0
9509056 9163 0
9605039 9501019 1
9802079 9811023 0
9508043 9411057 1
11255 9907122 0
10216 9210153 0
301117 9181 1
5120 9802139 1
9804049 9511081 0
5247 9903150 0
9707212 9607210 1
103216 202024 0
111136 105214 1
9117 1003 1
105059 207111 0
303151 101011 1
304227 3070 0
9704075 9510135 1
9402073 9604047 0
9503175 9302083 1
11059 10207 1
109060 9406176 0
9610024 9502126 1
9304086 9611154 0
9609142 9504157 1
12093 6023 1
302098 210068 1
9303169 9910257 0
9312021 9201061 1
206197 5055 1
209127 11027 0
103060 6251 1
9234 9812082 1
9804091 9311116 0
9605230 1174 0
303199 8252 1
9708154 205067 0
102155 9204099 1
8081 9407031 1
9504153 9512219 0
9912266 9902210 1
9509148 5126 0
9207070 9810232 0
301212 9712125 0
105256 9912118 1
9811193 9811168 1
207106 9811131 1
9405096 9401030 1
110093 8205 1
9903217 9611042 1
10179 9809057 1
9904095 9608024 1
9803160 205289 0
201227 106177 1
11034 9909036 0
105077 202165 0
112251 9811172 1
103143 2183 1
9510029 112059 0
9703176 9605090 1
205194 9403034 0
101126 9707217 1
301058 3096 1
106020 9802150 1
104035 9908073 0
9806169 9707042 1
9909014 9703010 0
9605046 9303153 1
9605028 9508155 1
9209038 212275 0
205296 112215 0
9702031 9510017 1
7120 2054 1
204067 9804161 0
9402060 9302090 1
101020 9139 1
9705131 9406008 1
209169 9308057 0
301143 9307196 1
9501003 1095 0
9611139 9902139 0
203099 109162 1
101189 9411207 0
9402130 3182 0
101014 9191 1
9903259 9802109 1
204199 9907189 1
103132 9707109 0
108034 105299 1
7014 9603142 1
9808176 9401142 0
1050 9705007 1
8014 211109 0
9210071 9806119 0
9305083 11170 0
206029 205185 1
109114 9903225 1
9810218 9808154 1
9907128 9611215 1
9611050 9610082 1
9204007 110235 0
302008 9611100 0
303095 111279 1
204168 9204099 1
101043 7191 1
